01001011101011100010100110010100
00001110101010110011010011110110
01011010001000100110000011111111
00010100010010111011001111000010
01001001111010101011011001001001
10100011111010001101011000000111
11001110010010001000110011010111
01110111011111010011111101001101
01110000010100000101110111000011
10001001100101000001101011001010
01011100111001001001111000010110
00011010110101001010101101001111
11101011110000000101110010000111
00001110010100101101101011011101
00111010001000001010100010100100
01110010000100101000010111010010
10011111010001011111011101101010
11000110101111010100010001011100
00011010001101000110010101010001
00000100000010001100011001000010
01011111111001011111000000000000
11100111001000011101001001001011
10111100100100010100110000000110
00111011000001100101001000011111
00110000010101100010011111001101
11001100011000010111000100011000
10001101011001101111111111001010
11000100011010101011000111001100
01110110001110100110100110101011
10011011001100011111110011101000
00110101110000110001000101011001
01010000000011111001001011001011
11000000100011101100010100010100
11011010010101101101000010110011
11001111010010001010110000100111
01100010000101111010100100101011
10111111100111001010010011000101
11100011010101011101001011010011
00000101100110101110100010011111
11110101011110011110010110101010
11010010100100011111011100010101
00010110111111010100111111011001
01010010101110011010001100110101
01011110101001100000001000100010
11100001101110110011011011011000
11000011010010100110000110100100
00001111001001000100101100111010
01010011001011010011010010110010
11001111101111011001110011110011
01110010001101011110011100001101
11010110000000111001110010000011
00001001001011001001101011110000
00000011111001011000111010110111
11101010100101111100110011110000
11000111111100101100010101011110
01100001111010001011110010101010
10010001111011100011111000110011
00000110010001001001111100100000
00011010110110000010111110001001
01001100101001011011100010000111
00111110100101011100010111100010
00101000011000011011110101100000
01011110000000101010101010010100
00101001101110100100100000011010
01001010010111100001000000100100
00010000100011001011010111110100
10010011010110101101000011100101
00000000100001110111111010010110
11001001001100001110101011110010
01010000101100101100110010110010
01000001000101110100100000110110
01000110111110010011101100001010
11010001110001001110100100000100
00110100110100110001001001010010
10110011100101001001011100000101
10110001000110101111010010011111
10010101100101111111010100011100
11100111110000111011010010110011
11110000110011100010110111011110
00111010110000000100001101110001
01011100000000111111001010110100
10001011010101010110100000101000
00100011110100111010000001011000
11011100100101011011011011101100
00010001100111101011001110100010
01001010000111101011000100100010
11111011010101101011000101100001
11000010110001010100101101101011
10110101001111011100110101101111
10011000001011100110111101100011
11000000010010011110010101100011
11111000100000000100001000000110
00100100000000000110101111111011
11110110101001000110001111001000
11011100110001010110101110110111
11001000110001100010001000100011
00110110000011111011001110111101
11010111111000010111000111000011
11110000000000010100101011001110
00111011011001100100110101110011
